Time	rx_bytes	rx_packets	tx_bytes	tx_packets	wtime	pss	rss	swap	vmem	rchar	read_bytes	wchar	write_bytes	stime	utime	nprocs	nthreads
1773141550	0	0	0	0	0	0	0	0	0	0	0	0	0	0	0	0	0
1773141552	0	0	0	0	0	0	0	0	0	0	0	0	0	0	0	0	0
1773141554	0	0	0	0	0	0	0	0	0	0	0	0	0	0	0	0	0
1773141556	0	0	0	0	0	0	0	0	0	0	0	0	0	0	0	0	0
1773141558	0	0	0	0	0	0	0	0	0	0	0	0	0	0	0	0	0
1773141560	0	0	0	0	0	0	0	0	0	0	0	0	0	0	0	0	0
1773141562	0	0	0	0	0	0	0	0	0	0	0	0	0	0	0	0	0
1773141564	0	0	0	0	0	0	0	0	0	0	0	0	0	0	0	0	0
1773141566	0	0	0	0	0	0	0	0	0	0	0	0	0	0	0	0	0
1773141568	0	0	0	0	0	0	0	0	0	0	0	0	0	0	0	0	0
1773141570	0	0	0	0	0	0	0	0	0	0	0	0	0	0	0	0	0
1773141572	0	0	0	0	0	0	0	0	0	0	0	0	0	0	0	0	0
1773141574	0	0	0	0	0	0	0	0	0	0	0	0	0	0	0	0	0
1773141576	0	0	0	0	0	0	0	0	0	0	0	0	0	0	0	0	0
1773141578	0	0	0	0	0	0	0	0	0	0	0	0	0	0	0	0	0
1773141580	0	0	0	0	0	0	0	0	0	0	0	0	0	0	0	0	0
1773141582	0	0	0	0	0	0	0	0	0	0	0	0	0	0	0	0	0
1773141584	0	0	0	0	0	0	0	0	0	0	0	0	0	0	0	0	0
1773141586	0	0	0	0	0	0	0	0	0	0	0	0	0	0	0	0	0
1773141588	0	0	0	0	0	0	0	0	0	0	0	0	0	0	0	0	0
1773141590	0	0	0	0	0	0	0	0	0	0	0	0	0	0	0	0	0
1773141592	0	0	0	0	0	0	0	0	0	0	0	0	0	0	0	0	0
1773141594	0	0	0	0	0	0	0	0	0	0	0	0	0	0	0	0	0
1773141596	0	0	0	0	0	0	0	0	0	0	0	0	0	0	0	0	0
1773141598	0	0	0	0	0	0	0	0	0	0	0	0	0	0	0	0	0
1773141600	0	0	0	0	0	0	0	0	0	0	0	0	0	0	0	0	0
1773141602	0	0	0	0	0	0	0	0	0	0	0	0	0	0	0	0	0
1773141604	0	0	0	0	0	0	0	0	0	0	0	0	0	0	0	0	0
1773141606	0	0	0	0	0	0	0	0	0	0	0	0	0	0	0	0	0
1773141608	0	0	0	0	0	0	0	0	0	0	0	0	0	0	0	0	0
1773141610	0	0	0	0	0	0	0	0	0	0	0	0	0	0	0	0	0
1773141612	0	0	0	0	0	0	0	0	0	0	0	0	0	0	0	0	0
1773141614	0	0	0	0	0	0	0	0	0	0	0	0	0	0	0	0	0
1773141616	0	0	0	0	0	0	0	0	0	0	0	0	0	0	0	0	0
1773141618	0	0	0	0	0	0	0	0	0	0	0	0	0	0	0	0	0
1773141620	0	0	0	0	0	0	0	0	0	0	0	0	0	0	0	0	0
1773141622	0	0	0	0	0	0	0	0	0	0	0	0	0	0	0	0	0
1773141624	0	0	0	0	0	0	0	0	0	0	0	0	0	0	0	0	0
1773141626	0	0	0	0	0	0	0	0	0	0	0	0	0	0	0	0	0
1773141628	0	0	0	0	0	0	0	0	0	0	0	0	0	0	0	0	0
1773141630	0	0	0	0	0	0	0	0	0	0	0	0	0	0	0	0	0
1773141632	0	0	0	0	0	0	0	0	0	0	0	0	0	0	0	0	0
1773141634	0	0	0	0	0	0	0	0	0	0	0	0	0	0	0	0	0
1773141636	0	0	0	0	0	0	0	0	0	0	0	0	0	0	0	0	0
1773141638	0	0	0	0	0	0	0	0	0	0	0	0	0	0	0	0	0
1773141640	0	0	0	0	0	0	0	0	0	0	0	0	0	0	0	0	0
1773141642	0	0	0	0	0	0	0	0	0	0	0	0	0	0	0	0	0
1773141644	0	0	0	0	0	0	0	0	0	0	0	0	0	0	0	0	0
1773141646	0	0	0	0	0	0	0	0	0	0	0	0	0	0	0	0	0
1773141648	0	0	0	0	0	0	0	0	0	0	0	0	0	0	0	0	0
1773141650	0	0	0	0	0	0	0	0	0	0	0	0	0	0	0	0	0
1773141652	0	0	0	0	0	0	0	0	0	0	0	0	0	0	0	0	0
1773141654	0	0	0	0	0	0	0	0	0	0	0	0	0	0	0	0	0
1773141656	0	0	0	0	0	0	0	0	0	0	0	0	0	0	0	0	0
1773141658	0	0	0	0	0	0	0	0	0	0	0	0	0	0	0	0	0
1773141660	0	0	0	0	0	0	0	0	0	0	0	0	0	0	0	0	0
1773141662	0	0	0	0	0	0	0	0	0	0	0	0	0	0	0	0	0
1773141664	0	0	0	0	0	0	0	0	0	0	0	0	0	0	0	0	0
1773141666	0	0	0	0	0	0	0	0	0	0	0	0	0	0	0	0	0
1773141668	0	0	0	0	0	0	0	0	0	0	0	0	0	0	0	0	0
1773141670	0	0	0	0	0	0	0	0	0	0	0	0	0	0	0	0	0
1773141672	0	0	0	0	0	0	0	0	0	0	0	0	0	0	0	0	0
1773141674	0	0	0	0	0	0	0	0	0	0	0	0	0	0	0	0	0
1773141676	0	0	0	0	0	0	0	0	0	0	0	0	0	0	0	0	0
1773141678	0	0	0	0	0	0	0	0	0	0	0	0	0	0	0	0	0
1773141680	0	0	0	0	0	0	0	0	0	0	0	0	0	0	0	0	0
1773141682	0	0	0	0	0	0	0	0	0	0	0	0	0	0	0	0	0
1773141684	0	0	0	0	0	0	0	0	0	0	0	0	0	0	0	0	0
1773141686	0	0	0	0	0	0	0	0	0	0	0	0	0	0	0	0	0
1773141688	0	0	0	0	0	0	0	0	0	0	0	0	0	0	0	0	0
1773141690	0	0	0	0	0	0	0	0	0	0	0	0	0	0	0	0	0
1773141692	0	0	0	0	0	0	0	0	0	0	0	0	0	0	0	0	0
1773141694	0	0	0	0	0	0	0	0	0	0	0	0	0	0	0	0	0
1773141696	0	0	0	0	0	0	0	0	0	0	0	0	0	0	0	0	0
1773141698	0	0	0	0	0	0	0	0	0	0	0	0	0	0	0	0	0
1773141700	0	0	0	0	0	0	0	0	0	0	0	0	0	0	0	0	0
1773141702	0	0	0	0	0	0	0	0	0	0	0	0	0	0	0	0	0
1773141704	0	0	0	0	0	0	0	0	0	0	0	0	0	0	0	0	0
1773141706	0	0	0	0	0	0	0	0	0	0	0	0	0	0	0	0	0
1773141708	0	0	0	0	0	0	0	0	0	0	0	0	0	0	0	0	0
1773141710	0	0	0	0	0	0	0	0	0	0	0	0	0	0	0	0	0
1773141712	0	0	0	0	0	0	0	0	0	0	0	0	0	0	0	0	0
1773141714	0	0	0	0	0	0	0	0	0	0	0	0	0	0	0	0	0
1773141716	0	0	0	0	0	0	0	0	0	0	0	0	0	0	0	0	0
1773141718	0	0	0	0	0	0	0	0	0	0	0	0	0	0	0	0	0
1773141720	0	0	0	0	0	0	0	0	0	0	0	0	0	0	0	0	0
1773141722	0	0	0	0	0	0	0	0	0	0	0	0	0	0	0	0	0
1773141724	0	0	0	0	0	0	0	0	0	0	0	0	0	0	0	0	0
1773141726	0	0	0	0	0	0	0	0	0	0	0	0	0	0	0	0	0
1773141728	0	0	0	0	0	0	0	0	0	0	0	0	0	0	0	0	0
1773141730	0	0	0	0	0	0	0	0	0	0	0	0	0	0	0	0	0
1773141732	0	0	0	0	0	0	0	0	0	0	0	0	0	0	0	0	0
1773141734	0	0	0	0	0	0	0	0	0	0	0	0	0	0	0	0	0
1773141736	0	0	0	0	0	0	0	0	0	0	0	0	0	0	0	0	0
1773141738	0	0	0	0	0	0	0	0	0	0	0	0	0	0	0	0	0
1773141740	0	0	0	0	0	0	0	0	0	0	0	0	0	0	0	0	0
1773141742	0	0	0	0	0	0	0	0	0	0	0	0	0	0	0	0	0
1773141744	0	0	0	0	0	0	0	0	0	0	0	0	0	0	0	0	0
1773141746	0	0	0	0	0	0	0	0	0	0	0	0	0	0	0	0	0
1773141748	0	0	0	0	0	0	0	0	0	0	0	0	0	0	0	0	0
1773141750	0	0	0	0	0	0	0	0	0	0	0	0	0	0	0	0	0
1773141752	0	0	0	0	0	0	0	0	0	0	0	0	0	0	0	0	0
1773141754	0	0	0	0	0	0	0	0	0	0	0	0	0	0	0	0	0
1773141756	0	0	0	0	0	0	0	0	0	0	0	0	0	0	0	0	0
1773141758	0	0	0	0	0	0	0	0	0	0	0	0	0	0	0	0	0
1773141760	0	0	0	0	0	0	0	0	0	0	0	0	0	0	0	0	0
1773141762	0	0	0	0	0	0	0	0	0	0	0	0	0	0	0	0	0
1773141764	0	0	0	0	0	0	0	0	0	0	0	0	0	0	0	0	0
1773141766	0	0	0	0	0	0	0	0	0	0	0	0	0	0	0	0	0
1773141768	0	0	0	0	0	0	0	0	0	0	0	0	0	0	0	0	0
1773141770	0	0	0	0	0	0	0	0	0	0	0	0	0	0	0	0	0
1773141772	0	0	0	0	0	0	0	0	0	0	0	0	0	0	0	0	0
1773141774	0	0	0	0	0	0	0	0	0	0	0	0	0	0	0	0	0
1773141776	0	0	0	0	0	0	0	0	0	0	0	0	0	0	0	0	0
1773141778	0	0	0	0	0	0	0	0	0	0	0	0	0	0	0	0	0
1773141780	0	0	0	0	0	0	0	0	0	0	0	0	0	0	0	0	0
1773141782	0	0	0	0	0	0	0	0	0	0	0	0	0	0	0	0	0
1773141784	0	0	0	0	0	0	0	0	0	0	0	0	0	0	0	0	0
1773141786	0	0	0	0	0	0	0	0	0	0	0	0	0	0	0	0	0
